tamanho;bubble;insertion;heap;merge;radix
1,1,1,2
2,5,2,13
3,11,3,20
4,19,4,37
5,29,5,44
6,41,6,61
7,55,7,68
8,71,8,91
9,89,9,104
10,109,10,121
11,131,11,134
12,155,12,157
13,181,13,170
14,209,14,187
15,239,15,200
16,271,16,223
17,305,17,242
18,341,18,265
19,379,19,278
20,419,20,301
21,461,21,314
22,505,22,343
23,551,23,356
24,599,24,379
25,649,25,398
26,701,26,421
27,755,27,434
28,811,28,457
29,869,29,470
30,929,30,499
31,991,31,512
32,1055,32,535
33,1121,33,560
34,1189,34,589
35,1259,35,608
36,1331,36,625
37,1405,37,650
38,1481,38,679
39,1559,39,698
40,1639,40,727
41,1721,41,740
42,1805,42,769
43,1891,43,794
44,1979,44,817
45,2069,45,830
46,2161,46,865
47,2255,47,884
48,2351,48,907
49,2449,49,932
50,2549,50,961
51,2651,51,980
52,2755,52,997
53,2861,53,1022
54,2969,54,1051
55,3079,55,1070
56,3191,56,1099
57,3305,57,1112
58,3421,58,1141
59,3539,59,1166
60,3659,60,1189
61,3781,61,1202
62,3905,62,1237
63,4031,63,1256
64,4159,64,1279
65,4289,65,1310
66,4421,66,1339
67,4555,67,1364
68,4691,68,1381
69,4829,69,1406
70,4969,70,1441
71,5111,71,1466
72,5255,72,1483
73,5401,73,1514
74,5549,74,1549
75,5699,75,1574
76,5851,76,1585
77,6005,77,1616
78,6161,78,1651
79,6319,79,1676
80,6479,80,1699
81,6641,81,1724
82,6805,82,1753
83,6971,83,1778
84,7139,84,1801
85,7309,85,1826
86,7481,86,1861
87,7655,87,1886
88,7831,88,1891
89,8009,89,1922
90,8189,90,1969
91,8371,91,1988
92,8555,92,2005
93,8741,93,2036
94,8929,94,2071
95,9119,95,2096
96,9311,96,2113
97,9505,97,2138
98,9701,98,2179
99,9899,99,2204
100,10099,100,2221
101,10301,101,2246
102,10505,102,2281
103,10711,103,2306
104,10919,104,2317
105,11129,105,2336
106,11341,106,2389
107,11555,107,2414
108,11771,108,2425
109,11989,109,2456
110,12209,110,2491
111,12431,111,2516
112,12655,112,2527
113,12881,113,2558
114,13109,114,2593
115,13339,115,2618
116,13571,116,2641
117,13805,117,2666
118,14041,118,2701
119,14279,119,2726
120,14519,120,2719
121,14761,121,2750
122,15005,122,2809
123,15251,123,2828
124,15499,124,2845
125,15749,125,2876
126,16001,126,2911
127,16255,127,2936
128,16511,128,2935
129,16769,129,2966
130,17029,130,3025
131,17291,131,3056
132,17555,132,3085
133,17821,133,3110
134,18089,134,3139
135,18359,135,3164
136,18631,136,3199
137,18905,137,3218
138,19181,138,3259
139,19459,139,3284
140,19739,140,3319
141,20021,141,3338
142,20305,142,3373
143,20591,143,3404
144,20879,144,3421
145,21169,145,3452
146,21461,146,3487
147,21755,147,3518
148,22051,148,3553
149,22349,149,3572
150,22649,150,3613
151,22951,151,3632
152,23255,152,3649
153,23561,153,3674
154,23869,154,3733
155,24179,155,3752
156,24491,156,3781
157,24805,157,3806
158,25121,158,3835
159,25439,159,3872
160,25759,160,3889
161,26081,161,3908
162,26405,162,3955
163,26731,163,3980
164,27059,164,4015
165,27389,165,4046
166,27721,166,4081
167,28055,167,4100
168,28391,168,4129
169,28729,169,4148
170,29069,170,4195
171,29411,171,4214
172,29755,172,4255
173,30101,173,4268
174,30449,174,4309
175,30799,175,4340
176,31151,176,4351
177,31505,177,4382
178,31861,178,4423
179,32219,179,4448
180,32579,180,4483
181,32941,181,4508
182,33305,182,4543
183,33671,183,4562
184,34039,184,4585
185,34409,185,4610
186,34781,186,4663
187,35155,187,4682
188,35531,188,4711
189,35909,189,4736
190,36289,190,4771
191,36671,191,4802
192,37055,192,4813
193,37441,193,4838
194,37829,194,4885
195,38219,195,4904
196,38611,196,4945
197,39005,197,4976
198,39401,198,5005
199,39799,199,5036
200,40199,200,5065
201,40601,201,5084
202,41005,202,5119
203,41411,203,5144
204,41819,204,5173
205,42229,205,5210
206,42641,206,5239
207,43055,207,5270
208,43471,208,5287
209,43889,209,5318
210,44309,210,5359
211,44731,211,5378
212,45155,212,5419
213,45581,213,5444
214,46009,214,5479
215,46439,215,5498
216,46871,216,5509
217,47305,217,5546
218,47741,218,5599
219,48179,219,5618
220,48619,220,5647
221,49061,221,5678
222,49505,222,5695
223,49951,223,5738
224,50399,224,5743
225,50849,225,5780
226,51301,226,5821
227,51755,227,5852
228,52211,228,5887
229,52669,229,5906
230,53129,230,5941
231,53591,231,5972
232,54055,232,5995
233,54521,233,6020
234,54989,234,6055
235,55459,235,6080
236,55931,236,6127
237,56405,237,6134
238,56881,238,6175
239,57359,239,6206
240,57839,240,6217
241,58321,241,6248
242,58805,242,6295
243,59291,243,6314
244,59779,244,6355
245,60269,245,6380
246,60761,246,6415
247,61255,247,6428
248,61751,248,6445
249,62249,249,6476
250,62749,250,6535
251,63251,251,6548
252,63755,252,6577
253,64261,253,6608
254,64769,254,6637
255,65279,255,6668
256,65791,256,6685
257,66305,257,6704
258,66821,258,6757
259,67339,259,6800
260,67859,260,6823
261,68381,261,6848
262,68905,262,6901
263,69431,263,6920
264,69959,264,6931
265,70489,265,6980
266,71021,266,7027
267,71555,267,7046
268,72091,268,7069
269,72629,269,7118
270,73169,270,7141
271,73711,271,7172
272,74255,272,7201
273,74801,273,7232
274,75349,274,7273
275,75899,275,7304
276,76451,276,7327
277,77005,277,7370
278,77561,278,7405
279,78119,279,7430
280,78679,280,7459
281,79241,281,7490
282,79805,282,7531
283,80371,283,7568
284,80939,284,7585
285,81509,285,7622
286,82081,286,7657
287,82655,287,7700
288,83231,288,7717
289,83809,289,7730
290,84389,290,7795
291,84971,291,7814
292,85555,292,7867
293,86141,293,7898
294,86729,294,7927
295,87319,295,7958
296,87911,296,7969
297,88505,297,7994
298,89101,298,8047
299,89699,299,8084
300,90299,300,8131
301,90901,301,8162
302,91505,302,8185
303,92111,303,8216
304,92719,304,8209
305,93329,305,8246
306,93941,306,8317
307,94555,307,8336
308,95171,308,8371
309,95789,309,8420
310,96409,310,8449
311,97031,311,8474
312,97655,312,8485
313,98281,313,8522
314,98909,314,8575
315,99539,315,8594
316,100171,316,8635
317,100805,317,8678
318,101441,318,8713
319,102079,319,8732
320,102719,320,8731
321,103361,321,8756
322,104005,322,8815
323,104651,323,8852
324,105299,324,8887
325,105949,325,8936
326,106601,326,8965
327,107255,327,8990
328,107911,328,8983
329,108569,329,9038
330,109229,330,9085
331,109891,331,9104
332,110555,332,9151
333,111221,333,9188
334,111889,334,9217
335,112559,335,9254
336,113231,336,9265
337,113905,337,9284
338,114581,338,9355
339,115259,339,9374
340,115939,340,9427
341,116621,341,9446
342,117305,342,9493
343,117991,343,9512
344,118679,344,9499
345,119369,345,9560
346,120061,346,9607
347,120755,347,9632
348,121451,348,9673
349,122149,349,9710
350,122849,350,9745
351,123551,351,9764
352,124255,352,9769
353,124961,353,9788
354,125669,354,9859
355,126379,355,9872
356,127091,356,9943
357,127805,357,9968
358,128521,358,9997
359,129239,359,10034
360,129959,360,10021
361,130681,361,10064
362,131405,362,10117
363,132131,363,10154
364,132859,364,10189
365,133589,365,10220
366,134321,366,10267
367,135055,367,10280
368,135791,368,10279
369,136529,369,10316
370,137269,370,10381
371,138011,371,10412
372,138755,372,10435
373,139501,373,10484
374,140249,374,10507
375,140999,375,10538
376,141751,376,10549
377,142505,377,10592
378,143261,378,10645
379,144019,379,10664
380,144779,380,10711
381,145541,381,10736
382,146305,382,10765
383,147071,383,10784
384,147839,384,10783
385,148609,385,10826
386,149381,386,10873
387,150155,387,10916
388,150931,388,10951
389,151709,389,10994
390,152489,390,11017
391,153271,391,11030
392,154055,392,11071
393,154841,393,11096
394,155629,394,11137
395,156419,395,11168
396,157211,396,11215
397,158005,397,11252
398,158801,398,11269
399,159599,399,11306
400,160399,400,11317
401,161201,401,11360
402,162005,402,11401
403,162811,403,11408
404,163619,404,11449
405,164429,405,11498
406,165241,406,11539
407,166055,407,11564
408,166871,408,11587
409,167689,409,11606
410,168509,410,11659
411,169331,411,11672
412,170155,412,11719
413,170981,413,11750
414,171809,414,11791
415,172639,415,11828
416,173471,416,11827
417,174305,417,11852
418,175141,418,11923
419,175979,419,11936
420,176819,420,11995
421,177661,421,12020
422,178505,422,12055
423,179351,423,12080
424,180199,424,12097
425,181049,425,12122
426,181901,426,12175
427,182755,427,12200
428,183611,428,12241
429,184469,429,12272
430,185329,430,12313
431,186191,431,12338
432,187055,432,12349
433,187921,433,12374
434,188789,434,12421
435,189659,435,12458
436,190531,436,12493
437,191405,437,12542
438,192281,438,12571
439,193159,439,12596
440,194039,440,12607
441,194921,441,12638
442,195805,442,12697
443,196691,443,12716
444,197579,444,12757
445,198469,445,12794
446,199361,446,12829
447,200255,447,12860
448,201151,448,12865
449,202049,449,12896
450,202949,450,12937
451,203851,451,12968
452,204755,452,13003
453,205661,453,13040
454,206569,454,13087
455,207479,455,13100
456,208391,456,13123
457,209305,457,13166
458,210221,458,13195
459,211139,459,13232
460,212059,460,13273
461,212981,461,13310
462,213905,462,13339
463,214831,463,13364
464,215759,464,13393
465,216689,465,13406
466,217621,466,13471
467,218555,467,13502
468,219491,468,13525
469,220429,469,13568
470,221369,470,13603
471,222311,471,13610
472,223255,472,13627
473,224201,473,13676
474,225149,474,13723
475,226099,475,13760
476,227051,476,13789
477,228005,477,13820
478,228961,478,13849
479,229919,479,13898
480,230879,480,13909
481,231841,481,13922
482,232805,482,13981
483,233771,483,14006
484,234739,484,14053
485,235709,485,14090
486,236681,486,14125
487,237655,487,14138
488,238631,488,14167
489,239609,489,14204
490,240589,490,14245
491,241571,491,14270
492,242555,492,14323
493,243541,493,14342
494,244529,494,14377
495,245519,495,14396
496,246511,496,14419
497,247505,497,14450
498,248501,498,14503
499,249499,499,14540
500,250499,500,14563
501,251501,501,14588
502,252505,502,14635
503,253511,503,14642
504,254519,504,14677
505,255529,505,14714
506,256541,506,14755
507,257555,507,14798
508,258571,508,14839
509,259589,509,14858
510,260609,510,14881
511,261631,511,14900
512,262655,512,14929
513,263681,513,14960
514,264709,514,15019
515,265739,515,15056
516,266771,516,15103
517,267805,517,15128
518,268841,518,15157
519,269879,519,15218
520,270919,520,15187
521,271961,521,15212
522,273005,522,15301
523,274051,523,15326
524,275099,524,15361
525,276149,525,15404
526,277201,526,15469
527,278255,527,15488
528,279311,528,15529
529,280369,529,15542
530,281429,530,15589
531,282491,531,15608
532,283555,532,15661
533,284621,533,15704
534,285689,534,15745
535,286759,535,15770
536,287831,536,15751
537,288905,537,15782
538,289981,538,15859
539,291059,539,15902
540,292139,540,15931
541,293221,541,15992
542,294305,542,16021
543,295391,543,16046
544,296479,544,16045
545,297569,545,16076
546,298661,546,16147
547,299755,547,16154
548,300851,548,16207
549,301949,549,16226
550,303049,550,16297
551,304151,551,16322
552,305255,552,16327
553,306361,553,16340
554,307469,554,16435
555,308579,555,16454
556,309691,556,16501
557,310805,557,16532
558,311921,558,16579
559,313039,559,16610
560,314159,560,16627
561,315281,561,16664
562,316405,562,16693
563,317531,563,16718
564,318659,564,16765
565,319789,565,16820
566,320921,566,16861
567,322055,567,16862
568,323191,568,16867
569,324329,569,16904
570,325469,570,16981
571,326611,571,17006
572,327755,572,17047
573,328901,573,17096
574,330049,574,17113
575,331199,575,17168
576,332351,576,17191
577,333505,577,17240
578,334661,578,17281
579,335819,579,17276
580,336979,580,17329
581,338141,581,17378
582,339305,582,17419
583,340471,583,17444
584,341639,584,17437
585,342809,585,17474
586,343981,586,17563
587,345155,587,17582
588,346331,588,17611
589,347509,589,17678
590,348689,590,17701
591,349871,591,17744
592,351055,592,17761
593,352241,593,17804
594,353429,594,17815
595,354619,595,17864
596,355811,596,17899
597,357005,597,17936
598,358201,598,17995
599,359399,599,18008
600,360599,600,18013
601,361801,601,18044
602,363005,602,18121
603,364211,603,18128
604,365419,604,18169
605,366629,605,18224
606,367841,606,18265
607,369055,607,18320
608,370271,608,18313
609,371489,609,18362
610,372709,610,18403
611,373931,611,18422
612,375155,612,18481
613,376381,613,18494
614,377609,614,18571
615,378839,615,18572
616,380071,616,18571
617,381305,617,18590
618,382541,618,18661
619,383779,619,18686
620,385019,620,18763
621,386261,621,18776
622,387505,622,18823
623,388751,623,18872
624,389999,624,18877
625,391249,625,18920
626,392501,626,18943
627,393755,627,18974
628,395011,628,19009
629,396269,629,19070
630,397529,630,19123
631,398791,631,19118
632,400055,632,19123
633,401321,633,19148
634,402589,634,19243
635,403859,635,19250
636,405131,636,19303
637,406405,637,19346
638,407681,638,19369
639,408959,639,19424
640,410239,640,19447
641,411521,641,19478
642,412805,642,19537
643,414091,643,19556
644,415379,644,19591
645,416669,645,19640
646,417961,646,19687
647,419255,647,19700
648,420551,648,19699
649,421849,649,19706
650,423149,650,19813
651,424451,651,19820
652,425755,652,19873
653,427061,653,19910
654,428369,654,19945
655,429679,655,19994
656,430991,656,19999
657,432305,657,20042
658,433621,658,20101
659,434939,659,20114
660,436259,660,20161
661,437581,661,20198
662,438905,662,20251
663,440231,663,20258
664,441559,664,20269
665,442889,665,20288
666,444221,666,20371
667,445555,667,20390
668,446891,668,20425
669,448229,669,20498
670,449569,670,20509
671,450911,671,20558
672,452255,672,20575
673,453601,673,20594
674,454949,674,20659
675,456299,675,20666
676,457651,676,20713
677,459005,677,20762
678,460361,678,20815
679,461719,679,20816
680,463079,680,20845
681,464441,681,20876
682,465805,682,20929
683,467171,683,20954
684,468539,684,21001
685,469909,685,21050
686,471281,686,21073
687,472655,687,21116
688,474031,688,21133
689,475409,689,21164
690,476789,690,21205
691,478171,691,21236
692,479555,692,21277
693,480941,693,21320
694,482329,694,21373
695,483719,695,21380
696,485111,696,21421
697,486505,697,21440
698,487901,698,21487
699,489299,699,21518
700,490699,700,21565
701,492101,701,21602
702,493505,702,21637
703,494911,703,21668
704,496319,704,21703
705,497729,705,21740
706,499141,706,21787
707,500555,707,21818
708,501971,708,21853
709,503389,709,21872
710,504809,710,21925
711,506231,711,21944
712,507655,712,21979
713,509081,713,22004
714,510509,714,22063
715,511939,715,22088
716,513371,716,22129
717,514805,717,22166
718,516241,718,22195
719,517679,719,22250
720,519119,720,22273
721,520561,721,22304
722,522005,722,22339
723,523451,723,22382
724,524899,724,22423
725,526349,725,22448
726,527801,726,22501
727,529255,727,22508
728,530711,728,22549
729,532169,729,22568
730,533629,730,22621
731,535091,731,22640
732,536555,732,22681
733,538021,733,22736
734,539489,734,22771
735,540959,735,22814
736,542431,736,22819
737,543905,737,22856
738,545381,738,22921
739,546859,739,22928
740,548339,740,22951
741,549821,741,22994
742,551305,742,23065
743,552791,743,23078
744,554279,744,23119
745,555769,745,23150
746,557261,746,23191
747,558755,747,23204
748,560251,748,23245
749,561749,749,23288
750,563249,750,23329
751,564751,751,23378
752,566255,752,23377
753,567761,753,23426
754,569269,754,23449
755,570779,755,23474
756,572291,756,23521
757,573805,757,23558
758,575321,758,23629
759,576839,759,23624
760,578359,760,23683
761,579881,761,23708
762,581405,762,23743
763,582931,763,23762
764,584459,764,23815
765,585989,765,23846
766,587521,766,23881
767,589055,767,23924
768,590591,768,23959
769,592129,769,24002
770,593669,770,24049
771,595211,771,24086
772,596755,772,24115
773,598301,773,24128
774,599849,774,24169
775,601399,775,24212
776,602951,776,24193
777,604505,777,24224
778,606061,778,24325
779,607619,779,24356
780,609179,780,24391
781,610741,781,24404
782,612305,782,24469
783,613871,783,24518
784,615439,784,24541
785,617009,785,24566
786,618581,786,24601
787,620155,787,24650
788,621731,788,24691
789,623309,789,24710
790,624889,790,24775
791,626471,791,24800
792,628055,792,24757
793,629641,793,24776
794,631229,794,24889
795,632819,795,24920
796,634411,796,24961
797,636005,797,25016
798,637601,798,25051
799,639199,799,25052
800,640799,800,25063
801,642401,801,25112
802,644005,802,25141
803,645611,803,25166
804,647219,804,25225
805,648829,805,25232
806,650441,806,25303
807,652055,807,25322
808,653671,808,25315
809,655289,809,25346
810,656909,810,25423
811,658531,811,25454
812,660155,812,25519
813,661781,813,25538
814,663409,814,25579
815,665039,815,25616
816,666671,816,25621
817,668305,817,25664
818,669941,818,25699
819,671579,819,25718
820,673219,820,25759
821,674861,821,25826
822,676505,822,25861
823,678151,823,25880
824,679799,824,25861
825,681449,825,25904
826,683101,826,25981
827,684755,827,26006
828,686411,828,26053
829,688069,829,26090
830,689729,830,26125
831,691391,831,26168
832,693055,832,26203
833,694721,833,26240
834,696389,834,26275
835,698059,835,26300
836,699731,836,26347
837,701405,837,26390
838,703081,838,26425
839,704759,839,26444
840,706439,840,26455
841,708121,841,26474
842,709805,842,26557
843,711491,843,26588
844,713179,844,26629
845,714869,845,26672
846,716561,846,26695
847,718255,847,26744
848,719951,848,26773
849,721649,849,26804
850,723349,850,26845
851,725051,851,26882
852,726755,852,26917
853,728461,853,26942
854,730169,854,27001
855,731879,855,27020
856,733591,856,27013
857,735305,857,27050
858,737021,858,27109
859,738739,859,27134
860,740459,860,27187
861,742181,861,27236
862,743905,862,27271
863,745631,863,27314
864,747359,864,27307
865,749089,865,27362
866,750821,866,27385
867,752555,867,27434
868,754291,868,27475
869,756029,869,27500
870,757769,870,27565
871,759511,871,27566
872,761255,872,27553
873,763001,873,27596
874,764749,874,27667
875,766499,875,27710
876,768251,876,27757
877,770005,877,27788
878,771761,878,27817
879,773519,879,27872
880,775279,880,27889
881,777041,881,27920
882,778805,882,27949
883,780571,883,27980
884,782339,884,28015
885,784109,885,28076
886,785881,886,28123
887,787655,887,28124
888,789431,888,28129
889,791209,889,28160
890,792989,890,28231
891,794771,891,28262
892,796555,892,28321
893,798341,893,28358
894,800129,894,28375
895,801919,895,28424
896,803711,896,28465
897,805505,897,28502
898,807301,898,28525
899,809099,899,28556
900,810899,900,28579
901,812701,901,28646
902,814505,902,28675
903,816311,903,28688
904,818119,904,28693
905,819929,905,28706
906,821741,906,28813
907,823555,907,28838
908,825371,908,28873
909,827189,909,28916
910,829009,910,28951
911,830831,911,28994
912,832655,912,29017
913,834481,913,29048
914,836309,914,29095
915,838139,915,29126
916,839971,916,29161
917,841805,917,29198
918,843641,918,29239
919,845479,919,29258
920,847319,920,29269
921,849161,921,29294
922,851005,922,29359
923,852851,923,29390
924,854699,924,29413
925,856549,925,29492
926,858401,926,29521
927,860255,927,29558
928,862111,928,29575
929,863969,929,29606
930,865829,930,29647
931,867691,931,29684
932,869555,932,29731
933,871421,933,29750
934,873289,934,29803
935,875159,935,29810
936,877031,936,29845
937,878905,937,29864
938,880781,938,29929
939,882659,939,29972
940,884539,940,30001
941,886421,941,30056
942,888305,942,30067
943,890191,943,30110
944,892079,944,30139
945,893969,945,30170
946,895861,946,30211
947,897755,947,30218
948,899651,948,30277
949,901549,949,30320
950,903449,950,30367
951,905351,951,30380
952,907255,952,30391
953,909161,953,30440
954,911069,954,30487
955,912979,955,30536
956,914891,956,30571
957,916805,957,30596
958,918721,958,30637
959,920639,959,30662
960,922559,960,30703
961,924481,961,30746
962,926405,962,30781
963,928331,963,30818
964,930259,964,30865
965,932189,965,30884
966,934121,966,30919
967,936055,967,30956
968,937991,968,30979
969,939929,969,31010
970,941869,970,31075
971,943811,971,31100
972,945755,972,31129
973,947701,973,31172
974,949649,974,31207
975,951599,975,31256
976,953551,976,31291
977,955505,977,31310
978,957461,978,31345
979,959419,979,31394
980,961379,980,31435
981,963341,981,31460
982,965305,982,31501
983,967271,983,31520
984,969239,984,31555
985,971209,985,31574
986,973181,986,31639
987,975155,987,31640
988,977131,988,31687
989,979109,989,31736
990,981089,990,31765
991,983071,991,31820
992,985055,992,31843
993,987041,993,31862
994,989029,994,31897
995,991019,995,31934
996,993011,996,31969
997,995005,997,32006
998,997001,998,32077
999,998999,999,32078
1000,1000999,1000,32125
